            TSP_seq    gPOP_seq   gTFP_seq   
     1     1.00000000 0.99000000 0.99232406 
     2     1.00000000 0.99500000 0.99232406 
     3     1.00000000 1.00000000 0.99232406 
     4     1.00000000 1.00500000 0.99232406 
     5     1.00000000 1.01000000 0.99232406 
     6     1.00000000 0.99000000 0.99616203 
     7     1.00000000 0.99500000 0.99616203 
     8     1.00000000 1.00000000 0.99616203 
     9     1.00000000 1.00500000 0.99616203 
    10     1.00000000 1.01000000 0.99616203 
    11     1.00000000 0.99000000 1.00000000 
    12     1.00000000 0.99500000 1.00000000 
    13     1.00000000 1.00000000 1.00000000 
    14     1.00000000 1.00500000 1.00000000 
    15     1.00000000 1.01000000 1.00000000 
    16     1.00000000 0.99000000 1.00383797 
    17     1.00000000 0.99500000 1.00383797 
    18     1.00000000 1.00000000 1.00383797 
    19     1.00000000 1.00500000 1.00383797 
    20     1.00000000 1.01000000 1.00383797 
    21     1.00000000 0.99000000 1.00767594 
    22     1.00000000 0.99500000 1.00767594 
    23     1.00000000 1.00000000 1.00767594 
    24     1.00000000 1.00500000 1.00767594 
    25     1.00000000 1.01000000 1.00767594 
    26     1.40000000 0.99000000 0.99232406 
    27     1.40000000 0.99500000 0.99232406 
    28     1.40000000 1.00000000 0.99232406 
    29     1.40000000 1.00500000 0.99232406 
    30     1.40000000 1.01000000 0.99232406 
    31     1.40000000 0.99000000 0.99616203 
    32     1.40000000 0.99500000 0.99616203 
    33     1.40000000 1.00000000 0.99616203 
    34     1.40000000 1.00500000 0.99616203 
    35     1.40000000 1.01000000 0.99616203 
    36     1.40000000 0.99000000 1.00000000 
    37     1.40000000 0.99500000 1.00000000 
    38     1.40000000 1.00000000 1.00000000 
    39     1.40000000 1.00500000 1.00000000 
    40     1.40000000 1.01000000 1.00000000 
    41     1.40000000 0.99000000 1.00383797 
    42     1.40000000 0.99500000 1.00383797 
    43     1.40000000 1.00000000 1.00383797 
    44     1.40000000 1.00500000 1.00383797 
    45     1.40000000 1.01000000 1.00383797 
    46     1.40000000 0.99000000 1.00767594 
    47     1.40000000 0.99500000 1.00767594 
    48     1.40000000 1.00000000 1.00767594 
    49     1.40000000 1.00500000 1.00767594 
    50     1.40000000 1.01000000 1.00767594 
    51     2.90000000 0.99000000 0.99232406 
    52     2.90000000 0.99500000 0.99232406 
    53     2.90000000 1.00000000 0.99232406 
    54     2.90000000 1.00500000 0.99232406 
    55     2.90000000 1.01000000 0.99232406 
    56     2.90000000 0.99000000 0.99616203 
    57     2.90000000 0.99500000 0.99616203 
    58     2.90000000 1.00000000 0.99616203 
    59     2.90000000 1.00500000 0.99616203 
    60     2.90000000 1.01000000 0.99616203 
    61     2.90000000 0.99000000 1.00000000 
    62     2.90000000 0.99500000 1.00000000 
    63     2.90000000 1.00000000 1.00000000 
    64     2.90000000 1.00500000 1.00000000 
    65     2.90000000 1.01000000 1.00000000 
    66     2.90000000 0.99000000 1.00383797 
    67     2.90000000 0.99500000 1.00383797 
    68     2.90000000 1.00000000 1.00383797 
    69     2.90000000 1.00500000 1.00383797 
    70     2.90000000 1.01000000 1.00383797 
    71     2.90000000 0.99000000 1.00767594 
    72     2.90000000 0.99500000 1.00767594 
    73     2.90000000 1.00000000 1.00767594 
    74     2.90000000 1.00500000 1.00767594 
    75     2.90000000 1.01000000 1.00767594 
    76     4.40000000 0.99000000 0.99232406 
    77     4.40000000 0.99500000 0.99232406 
    78     4.40000000 1.00000000 0.99232406 
    79     4.40000000 1.00500000 0.99232406 
    80     4.40000000 1.01000000 0.99232406 
    81     4.40000000 0.99000000 0.99616203 
    82     4.40000000 0.99500000 0.99616203 
    83     4.40000000 1.00000000 0.99616203 
    84     4.40000000 1.00500000 0.99616203 
    85     4.40000000 1.01000000 0.99616203 
    86     4.40000000 0.99000000 1.00000000 
    87     4.40000000 0.99500000 1.00000000 
    88     4.40000000 1.00000000 1.00000000 
    89     4.40000000 1.00500000 1.00000000 
    90     4.40000000 1.01000000 1.00000000 
    91     4.40000000 0.99000000 1.00383797 
    92     4.40000000 0.99500000 1.00383797 
    93     4.40000000 1.00000000 1.00383797 
    94     4.40000000 1.00500000 1.00383797 
    95     4.40000000 1.01000000 1.00383797 
    96     4.40000000 0.99000000 1.00767594 
    97     4.40000000 0.99500000 1.00767594 
    98     4.40000000 1.00000000 1.00767594 
    99     4.40000000 1.00500000 1.00767594 
   100     4.40000000 1.01000000 1.00767594 
   101     5.90000000 0.99000000 0.99232406 
   102     5.90000000 0.99500000 0.99232406 
   103     5.90000000 1.00000000 0.99232406 
   104     5.90000000 1.00500000 0.99232406 
   105     5.90000000 1.01000000 0.99232406 
   106     5.90000000 0.99000000 0.99616203 
   107     5.90000000 0.99500000 0.99616203 
   108     5.90000000 1.00000000 0.99616203 
   109     5.90000000 1.00500000 0.99616203 
   110     5.90000000 1.01000000 0.99616203 
   111     5.90000000 0.99000000 1.00000000 
   112     5.90000000 0.99500000 1.00000000 
   113     5.90000000 1.00000000 1.00000000 
   114     5.90000000 1.00500000 1.00000000 
   115     5.90000000 1.01000000 1.00000000 
   116     5.90000000 0.99000000 1.00383797 
   117     5.90000000 0.99500000 1.00383797 
   118     5.90000000 1.00000000 1.00383797 
   119     5.90000000 1.00500000 1.00383797 
   120     5.90000000 1.01000000 1.00383797 
   121     5.90000000 0.99000000 1.00767594 
   122     5.90000000 0.99500000 1.00767594 
   123     5.90000000 1.00000000 1.00767594 
   124     5.90000000 1.00500000 1.00767594 
   125     5.90000000 1.01000000 1.00767594 
